#### Variables Initiales ####
Ta = 34
Tr = 20
Ha = 8
Va = 0.1
icl = 0.5
w = 0.0
M = 70.2
Tclinit = 25.68
#### Resultats ####
TCL = 34.615242
Pa = 425.61438
FCL = 1.0999875
HC = 4.0421066
PMV = 0.81394994
PPD = 18.971754%
*********************************************************************
